boying@boying-BOHL-WXX9:~/cmsc5743-lab/lab2/code$ ./run_strassen.sh 
2.856478
2.862985
2.865606
2.868809
2.870530
2.866866
2.866566
2.863630
2.867120
2.864645
2.863974
2.865769
2.875694
2.878601
2.877646
2.862021
2.856655
2.859611
2.862899
2.865254
2.863012
2.868499
2.872655
2.870133
2.845115
2.842775
2.840896
2.838324
2.846001
2.842007
2.837876
2.841086
Avg Time for Calculation: 2.860322
boying@boying-BOHL-WXX9:~/cmsc5743-lab/lab2/code$ ./run_strassen.sh 
0.129421
0.122722
0.125829
0.117965
0.116476
0.121466
0.116009
0.113515
0.113747
0.112778
0.114364
0.114550
0.114618
0.112981
0.114966
0.114732
0.113952
0.115895
0.112430
0.115649
0.114245
0.114985
0.117192
0.116268
0.118109
0.120981
0.122376
0.119556
0.118775
0.115465
0.114983
0.128397
Avg Time for Calculation: 0.117370
boying@boying-BOHL-WXX9:~/cmsc5743-lab/lab2/code$ 